0000101000110000000000000011100101101000010000000
0010111000001101000000001100000010000001100000000
0100001000001001111100000000110000000001100000000
0000000101000101010001010000000000001010011010000
1100010000000100000000001100100111100000010000000
0100100100010100001000001100000010000000000101001
1110000000111001000000000011000000001001100000000
0001010001010001001000000000000000000000011111001
0000000001100010000100000000001011000011000100110
0001000110100001000100000000000010000000011010110
1000001011010000000100000011000010001000000000110
1000011100100000001000000011000000001000000101001
0110001000000001000000110000000100000101100000101
0101110000000000010001011100000010001010000000000
0000000010000000000010000101011001000111000110000
0111001101001000000000000000000000000001111010000
0010000000000000011100101010111000010000001000000
0011000000000100101101010000110000001010000000000
0010010100010000110100000000110000000000000101001
0010000011100000111000000000110010000000000000110
0000000000000010000001000101010000110100100011010
0001000000000100010010010000000000111010100001010
0000000000001000100000011010001100010100001000101
0001000000001100010001100000000100001110000000101
0100110000000100100000100110001010010000001000000
0100110000000110000010001001010010000100000010000
1000001000110000100000101001001000011000001000000
1000001000110010000010000110010000001100000010000
1010100000000000111100000000010101100000010000000
0010000000000010111110000101100000000100000010000
0000000010000010100000101010000001010011001100000
1000100000001000000000110000100001100100010000101
0100110011100100000100001100000000000000000000110
1000100010000010000000000000101100100011010100000
1000100000000000000011000000100101010000110001010
0000000000000000100011101010001000100000101001010
1001001000110100010001010011000000000010000000000
0000000000001010000010110101010100000000000010101
0001000010000110010001010000001001001001000100000
0110001010001011000000000000001001000010100100000
0110001000001001000011000000000000110001000001010
1001100101000001000000000000100101100000001010000
0001000101000001100000101010001000010000010010000
0000010110010010001000000000001001000011000001001
0001000101000011000010000101010000000100011000000
0000010100010000001011000000000000110000100100011
0000000011101000000100110000000110000100000000011
0000000011100000000111000000000010110000100001100
0000010100011000001000110000000100000100000101100