001000000000010011110100110000010000
000010110000011000010010000001000011
100000000010110100100001110001000000
000000100100000110001010101010000100
010001000100000000010010010101100010
000010000100101000000100010110101000
010100010100011110000000001000000001
010000100011011001001000000000100001
000000000001000000100001001100011111
000111100000000110000000011100100000
001000010001100101001001000001100000
000000011010000001101000001000101010
001001000010001100000101000011001000
111000110000001000100000110000000001
010001110000110000000100000010001001
001100100110100010000001001001000000
100100100100000101010100001000010000
100000010011000010011100000000110000
101000001001010000000000111000001010
110010000000000011000110000001010010
000100010011000001000010100010100100
100001000000101011010000000010011000
010110000000000000011000100011000110
001000001010100100000000000101010101
101100000000010000101010010010000100
101011000100010000100000100100100000
000100101101000110100000000000001010
000011001100000000000001010000110101
000101000000101000001110100000001100
011010000010100100010011000000000010
000011010111000001001000010100000000
100000001000000011010101000100000101
000001001001101000100100001010000010
000100001000000000001011100110010001
010010001001000000110010001001001000
010000111000011000000001000100010100