010000010001000000100110110110111001
100100101011100001000110000010011001
000001001000010101011010011100000111
010011101010100011010000100011001000
000101000111001010011000100011100100
001110000000000111010010110011000110
010100011110110111000101000000001000
100000100100010110100101110100101000
011100100010110001011000001100001001
000010110011011110001101000000100100
010110101101101001001000000000101100
110010000110001000001110000010110101
010100101010001001100001001001011010
001000111100000110011101001100000001
000010000111100000101001001001110110
001001110100010011000111010000000110
000111110100010100010101100011000000
011101101010100100000010010000001110
100000010000101000000001111101111010
001111001000010010001000101111000001
001010001111011000010000001100100101
110000110101010110000011000010010001
111001000001000101000100010010010111
000000110100111110100100001001010010
100111010000000010110000010111101000
101001010000000101100010100100101110
001000001000111000111001000101010011
101000011000010000111000111000101001
110111000001000010010110100001010001
000111000000101010110001101010010010
100010010111001000101000110100001100
110000000001101000100111001011000011
110100111010100001100000110100100000
001011000111001101001010010000100010
001001000000101101100011011001010100
111000001001010000011110001110010000