01110111101100110110001100
10111101011010011101000110
11011101110111000000011101
11101011010000101110011011
01110000111110101101111000
11100010110011111000101110
10010101111011100110110010
11110010101011011011010001
10101111000110101011110100
01111110001001000011111110
11001011010111010111101000
10101000101011100111001111
01101111101101001100100011
00100111011110110001011011
10011110100101011101011010
11000101001001101101111101
01011101100010110011101011
11011010001110110000110111
10010011111100001001101111
01001001111101111010010110
00001110111010011110011101
00111011110001110101100101
10111100011101111010100001
11100100110100010111110011
01010110010111101111000101
00110001000111011110111110