0011000011001011111010000001
0000000100010011010101110111
1000011011000001100110101001
1000100111001110011000001010
0001011110111100010000001100
0010101001111000100100101100
0010110010110101000111001000
0101100010000100010000111111
1011101100000101010010001001
1011010000001010101100101010
0000111000011100101011010100
0100111000101011010101000100
1001110001110010111000000100
0001101110100000001011011010
1101000001011001011101000010
1110001010010010010111000001
1010010001101000001010110101
1101100110011011000000000101
1001000001101110100011010010
0110011001010011000001101010
1010001010100101101001010001
0100001000110111001110010010
0110010101000000100100011111
0100000100100100101011100111
0011111111000100000100100010
0100110100111000110000110001
0101000101000110001101111000
1110000110000001110010110100