0000110010010001000110010
0011001001000101000000110
0100000111001101001000000
0100011000100010001000110
1000011000011001010000001
1001100000110011001000000
0101100000001000010000111
0010000010011000101001100
1010000100001000001110010
0110000000000111110010000
0001010000000110001101001
1000110100000001100001100
0010101110000000011000001
0110000001100001000101001
0001010001100000111010000
1110110001010100000000000
0000000101010010010011100
0000101001001010100010001
0011010110101010000000000
1000000010100100000011011
1000000011000010110100010
0000000100110100100100101
0101001100010000100001010
1101001010000000000110100
0000101000101100010101000