0101001101001111000100011
1000101010000111001011110
0000011100011010001111101
1000010110110011010000111
0100001011100010110110101
0011000001101011100011110
1110100101011000010010110
1011001011110100000011001
0101100101110001001101100
1000111110101000100101010
0001110111001110011010000
0011001110000001111110010
1010011001100101011100100
1100000100101001111011001
1111110000100000001110011
1101010010011100100110100
0000110001010101010111011
0001101000111100101000111
0110000010111110010101010
1010100011011011101000001
0110111100110111100000000
0110010111000100101000111
0111111010001001010001001
1101011001010010111001000
1011100100000110110101100