011111010110111000010110011
100101111110110101110010001
100110010111001001011101111
111010100110011001111011001
101100100110111010001111110
110000011001111110110110011
010110001110110111101011100
111001001111100101010100111
010001110101110111110101100
111110111010110001010101100
111110110100100101001010111
001001011000001111111101111
110011111110010110000110110
110111101100101010110111000
101111000001010010111111011
010001111011100011101010111
000011101001111100101111110
011100111111000100111001101
010101101001011111011011001
111101011101011001100101001
001110100011001111100011111
101011011101111010010001110
110111100010111110101000011
001110101101011011111100100
001010111111100111001101010
101011010011101110001110101
111101010011001101111010010