00001001011000010011001011
00011000101101100010100010
00011101100010101001001000
01100001101000000111010100
11100100001100011001100000
00101000010011000001110110
00000000110111011111000000
10110000110100001000000111
01110011010001010000101000
10000111101010000100100010
11011000010110000100011000
01001011001011001000000101
00100110011100100010001100
01000110100100000001011011
01100000000010001110101011
10001010100000001010111100
00101011000100110100010010
00010010011000101001110001
11010010000010110001000110
10111110000001000110000001
01001100110000110100000101
00010100001001011100001110
10100000101011110000010001
00010101000110010010110001
11000101010001101010010000
10000001000101100101101100