001111100000010000010100110011100000000100011
000000101100100011001001001101000100011000011
100101101001001000100110100001100001001100000
101000100010001000001100110101101000100100100
100001000001010101010000010010010100100101011
101010001001011000110010010010000001001000011
111100000100100000000100100101100100011100001
000000000110110100110101101000001011000011000
011001000001001011101011001001000001001000010
010000110010100100110001100100000110011000001
000100010100001100111001110100001010100000100
001011001000001101100010000000010101101101000
010000110100010000000100001100001101011011001
100011010000100000010100011010001001000011011
001101001011000000101010010100001001101000100
000010010111000001110001100000010110100101000
010000001000000001001011001011110010010010110
010010001001000110001001001001010100100101010
001001011111001100010011100000000011001000000
100011010110010100100001110010000010000000011
010100001010001011000001011101001000100000110
101100110000110000000000101001101001000111000
001001001001001010100000000010110011011010100
010000011110000111111000101001000010000000010
101100110110000100110101000001100010000100000
100111000010011000011000000110001000100000111
010000011000110011001101000001001001000011010
010100100110101000001000010000001100111000101
100011000000010010010010010000110010010010111
111100101000000011001101101000100000000100010
101100100000000010000110100011010010010110100
000010000001000111000010000010100110110111100
000100010010111000001100011100000001100011100
010010100101100101000000000100010000111101001
000000010110000110110011100010110000010010100
001001011001111000100110001000001000001011000
000110000011001101001000010100011100000101100
010000100100100010000010000110110110001010101
011001101101101000100010000100000101010000001
101110100001000101000100100001110100100001000
000000010000110010000110001010111011010001100
000010010001110101000100001000011101100110000
000100000010001010001010010110111010110010000
110011001000010011011001011011000000000000001
110011100100110000010000010110000100011000010