00000001000010000000001000010100000000000010000100
00000000000100000001000000000110000000100000101000
00010000000001000000100000000101000000001000000010
00100000100010100000000000000000000000000101100000
00000000100101000100000000011000000000010000000000
00000000001000010000000100001100001000000001000000
00000000000100010000000001000000100000001110000000
10000000000000000000000010001001000001000100001000
00011000000000001000000000000000001000000010001001
00000000001110000000100010000000000000000000010001
00000100010000001000000000010010000000000100000010
01001010010000000000001000000001000000000001000000
10010000010000010110000000000000000000100000000000
00101000000000010000000010000010010000000000000100
00010000000000000000011001001010000000000000010000
00000110000011000000010000100000000000000000001000
00000000101000000000000001100001000000100000000100
00001000000010000001000101000000000001000000000010
00000000000010000000000000000011101100010000000000
01000000000000000100110000000000001000000100000100
00100000010000000001000000101000000100000010000000
00000000000000110001000000010001000010000000000001
10000000000100100000000000100000011000000000000010
00000100000000000100000000000001010000000010110000
00000001010001000000000001000000001010000000100000
00000010000000101100000010000100000100000000000000
00000000000000011000101000000000000001010000100000
10001000001000000000010000000000000100001000100000
00001101000000100000100000000000100000100000000000
11100100000000000000000001000000000000010000000001
01000000001001100010000000000000000001000010000000
00100001000100001010010100000000000000000000000000
00000010000000000010000000001000000000000000100111
00000000000001000000001100000000000100100100000001
00000100100000000011001010000000000000001000000000
00000000000000000010100001010000010000000001001000
00000000000000000000010010000000000000110011000010
00000001000000000100000000100010000000001001000001
01000000000010001000000000001000010010001000000000
00001000000000000010000000100100000010000100010000
00100010000000000000000000010000001001100000010000
00010011001000000001000000000000010000010000000000
10000010100000000000100100000010000010000000000000
00010100000100000000000000000000000111000000000100
01010000000000000000000110110000100000000000000000
00000000010000100000000100000000000000011000001100
01000001100000010000000000000000000100000000010010
10000000000001001001000000000000100000000001010000
00100000001000000100001000000000100010000000001000
00000000110000000000010000000100110001000000000000