0000001100010010000010000000100000000000100001011000000110000110
0000000000101100110110000001000000000000010000001000000000111001
0000000100001000001000101000000010001000010110000001100101000000
0000011011000001000100000000000001010100001000010001000001010000
0000000001000000101000010100011000000100100000000110100000001010
0001001011000001000100000011100000000010000010100011000000000000
1001010011010011000100000000000000000000000001001001000100000010
1010000000000000000010100000100010000000110100010001100010000100
0001011001000001000100001000000000100000000000000101011010000001
0001111010000001001100000100011000000000100000000001000000001000
0100000000011100110111000110000010010000000000000000010000000000
1000001000100010000001000110000010010000000001001000010100000010
0110000000100100111110001000000000001000000010000000000101000000
0100000000101000110110000000010001100011000101000000000000000000
1000001000010000010000100000001100000000001001101000001100000010
0001011011000000000101010000000100001001000000000001000000100100
0100100000101100010110010000000000000100000000000110100000000010
0100000000101110100110100000001100000000001000100000001000000000
0010100001001000000000001100011000001000100010000000000101001000
0101011011101101110010000000000000000000000000000001000000000000
1100000100101100110100000000100000000000100000010000000010000100
0000000000110001000000010110000110011001000000000000010000100100
0010000100000010010000000000001110000000011100100001101000000000
0000100000000001100001000000000100001101000000000110100000100110
0010000010001000001000000000000000101000000010000100011111000001
0000100001110000001001000010011010010000100000000000010000001000
0000010000110000000001000101100010010010000010100010010000000000
0100010000000000000000000010100000000010010010101010000000111001
1000010100000000000010000011000000000010100010110010000010000100
0000100001000100001000000100001001100011100101000000000000001000
0000100001000010011000100100010100000000101000100000001000001000
0000000000000011010001110000001000001001001000100000001000100100
0010000100110000000001100110000000010000010100000001110000000000
0001000000000100000000000000010000110111001101010000000001010000
0000000010000100000000001000010001000011000101000100011010000001
0001000000110000000001000110000011000100001000010000010001010000
0010000000001001001001011000000100000001000010000000000101100100
0001100000000000100000010000000001010000001000010110100001010010
0000010000000100000000000011110001100001000111100010000000000000
0000000000000101000001010000010101101010000101000000000000100100
1000100101000000001010000100111000000000000000010000000010001100
0110000100000000000000100001000010000000000100001001100000111001
0001000000000010010000100000001101010100000000110000001001010000
0010000100000100000000100000010011100011010001000001100000000000
0010010000001000001000001011100000001010000000100010000101000000
1000001000010110000000000000010001100011000100001000000100000010
0000010000000010010000100011101100000010001010000010001000000000
1001000100000000000010000000100001010100101000000000000011010100
1100001000010010000000000001000000000000010001000000000100111011
0000100010000000100000011000000000100100000000000010111010000011
0000110000000000100000010011100000000110000010100100100000000010
0011011111000001000100100000000010000000010100000000100000000000
0010100100000000100000110000000010000100010100000111000000000010
0000000010110000000001001110000010110000000000000100001010000001
0000000010000010010000101000001100100000001000100100010010000001
1010001000011010001000001000000000001000000011001000000001000010
1000000110000000000010001000100000100000100000010100011000000101
0011000000001000001000001000000001011100001010010000000100010000
0100000000000001000001010001000100001001010000001000000000011101
0101000000000000000000000001000001010100011000011000000001101001
0100100001000000001000000101011000000000110000001000000000110001
1000000100000001000011010000100100001001100000010000000010100000
1000101000010010100000010000000000000100000001001110100100000000
0100000010000000000000001001000000100000010000001100011010111000