000000110100010100101001101
000100100000010001011010111
000000000100111000000111111
010001000100011110100101000
000000100101011111000000011
000100111101100000000000111
110011000010101000000111000
100001000000011011010110010
000001000010011101001011001
101111000010000001011010000
000000101100010010110100110
000011000000010000111111100
001001100000010111111000000
111110011011100000000000000
001110111000000000111000100
100110001000100000010110110
000110010010100000001011101
010010011100100000100101100
100100000011101001000010011
010000010111101100000001001
110000001101101010000100010
001100110011000101001000001
011000111101000110100000000
101100101001000011010000010
111001000011001111000000000
011011010010000100101001000
111011001000000010110100000