0011010101111111111100100
0010011111111101110101001
1100000110101110111011111
1000110111101101110011011
0001001110111110111101101
1101001110011110100110111
0100110101101111111010110
1111111010000101011111100
0111110101110010111110010
1101001010111100011111110
1111101011000111100110101
1100110011000111111011101
1111111001000010111111001
1111111101110010001001011
1010111010111101010111010
1101001100110010111111011
1111111010111001001001110
1111101111011011000000111
1010101111011101100110011
1100110111101011001001111
0011011111111011001001101
0111100101011111100110110
1010111101110000110111011
0011011011000111111101101
0111110000111101011110110