00010100001100100010100100000000000100000000000010000000
00000000001000110100001000001000010011000000010000000000
00000001000100100000001000000011000000000001000001001100
10000010010000001000000000000000001010000000010101000100
00000001000110000110000000010100101010000000000000000000
10000000000000000000000010011101000000100000011000001000
00010001000000010000000010000000100001000010000010001010
00101010101000000001000100000000000000100000010000100000
00000001000000001010100010001000010000011000000000000100
00010000000000000110010000001010000000100011000000100000
11000001000001001000000001010000000000000011000000010000
10101000000000010000000000001000000000001110100100000000
00001000000000000000111011000000000100000010010001000000
00000000001000010011000010000010001000000100001001000000
11100000000000000000010010100000101000010000000000100000
01000010000101000000110000000100000000100000000000000101
00010000101000000000011000000101100000000100100000000000
01001000010000000000000110000001000000000100000010010100
10001000110001000000001000100000000001000000000000001001
00000001000001000000010000101001000110000000000110000000
10000000100010010000000000000011000010000000000000110010
00000000010010111001000100010000000000001000000000001000
01100000000010001010000000000000000000100000001110000010
10000001000000000100010000000000010000000000101001000011
00000110100011100100000000000000000000000001100100000000
00000000001010000000000000001000001000000000100010101101
00000000000000100011000000000100000000000010110000010110
00001100001000000000010000000010000001010000000100000110
01000100110100000001000001000000100000000000000001000010
00001100000000011000000000100000010000000001000011100000
00100000010001000000100000010000110000000000110010000000
00100100000000001101100000000000001001000010000000000001
00001010000000101000000000001010000100000000001000010001
01000000100000000000000100000110001100000010000100001000
00011000000001100000000001000001010000101000000000000010
10000000000010000001000000000000110001100101000000000100
01011000000000000001100000000000000000010001101000001000
01000010000000000010000000010001000100001000100001100000
00000101010000010000001000000000001100010000100000010000
00000000100000100000000000010000000010100110000011000001
00000000100100000000010000000000001001000001011010010000
00000000000101001100000000000000000100010000010000101010
00000010011110000000000000100001010000010000001000000000
00100000011000000000000010000100000110001000000000000011
00000000000100001000000111100010000011100000000000000000
01010101000010000000000000100010000000001100000000000001
00000100000001000000001100000000100010001010000000100100
00010000000100000001001010010000010000000000000000110001
10000010000000000101001001000110000000011000000000000000
00110000000011000000000100001100000001010000000000010000
00000001010000100000100001000100000001000100001100000000
00000000001000000100100000100000100000101000000101001000
00100110000000000010010001000000010010000100000000010000
00110000100000010100000001110000000100000000001000000000
00000010000000000000101100111000001000000101000000000000
00000000000000010010000101000001100000010001010100000000