0100011010011101100111100101
1001010010110010011010111011
0001010010011101111110111000
0110111011000111000111000011
0001001010111001111010100111
1111001101101001111000000110
1001110001110110101100111000
0000010011110111101110100011
1111100101100000101101110100
0001011110011000010011111101
0100111110001101010111011000
1110101101000001011111010010
1010110001100010001111110011
1011001100100000011011110111
0101001100001001111111110100
1011110100110010000001111101
1010111110000010010011011011
0110110001110110100101100101
0110111110011110000001001101
1011001110111010010000001111
1111100101111110100000001100
1001000011111111111000001010
1110101111001111010000001010
0110001011111111100000000111
0110001001100001101111100111
1000110011000111011110011010
0101110100011100100101111100
1101100101001101111100011000